# p0 = 0.490 
8.69166e+01
2.33578e+01
3.28085e+01
1.25750e+01
2.10143e+01
5.69704e+01
1.17483e+01
8.51577e+01
5.46972e+01
9.67335e+01
8.00393e+01
2.04149e+01
5.66567e+01
3.75283e+01
1.00752e+02
8.01676e+01
5.65211e+01
7.88560e+01
4.61028e+01
8.03264e+01
2.82506e+01
-8.78329e+01
8.13571e+01
8.14152e+01
5.83101e+01
-2.60242e+01
7.09659e+01
6.77329e+01
3.47902e+01
4.43134e+01
7.66945e+01
7.27076e+01
1.15242e+02
9.81802e+01
3.68864e+01
7.72027e+01
6.39201e+01
6.49095e+01
5.38640e+01
6.44753e+01
5.24123e+01
3.07019e+01
-2.59271e+01
-3.32433e+01
8.19244e+01
-4.77741e+01
5.59403e+01
-4.83411e+01
8.29939e+01
5.88584e+01
8.61505e+01
1.26590e+01
9.28181e+01
-4.11302e+01
3.45781e+01
-5.87415e+01
5.63244e+01
3.84130e+01
6.93118e+01
1.52714e+01
4.16349e+01
4.57272e+01
3.69111e+01
4.56666e+01
1.00118e+02
5.88919e+01
9.19379e+01
3.23513e+01
8.75871e+01
5.72945e+00
6.19412e+01
-9.02135e+01
6.72003e+01
5.57164e+01
8.46842e+01
2.97154e+01
4.95573e+01
-1.26186e+02
7.35008e+01
7.70269e+01
5.99128e+01
7.33895e+01
5.90362e+01
8.57178e+01
1.87618e+01
6.25348e+01
8.20000e+01
5.94665e+01
-1.30393e+02
1.22711e+02
6.86655e+01
8.33599e+01
-4.55223e+01
8.57640e+01
8.65758e+01
9.15450e+01
3.45329e+01
3.03959e+01
6.06244e+01
7.66730e+01
7.22499e+01
8.15928e+01
4.44099e+01
8.65478e+01
5.29130e+01
8.91185e+01
-9.98316e+01
5.18371e+01
3.29440e+01
4.40321e+01
8.88782e+01
7.50917e+01
7.67099e+01
7.33747e+01
4.20218e+01
4.29945e+01
-3.14999e+01
9.26427e+01
-2.63611e+01
-1.09276e+01
6.07468e+01
-6.84285e+01
8.06612e+01
-9.48754e+00
1.03079e+02
4.59440e+01
5.61473e+01
6.70577e+01
1.05555e+02
5.84747e+01
8.34494e+01
5.45246e+01
5.38832e+01
8.26157e+01
3.16901e+01
7.70477e+01
5.29198e+01
6.19417e+01
1.69027e+01
5.04462e+01
7.52180e+01
8.90102e+01
5.08528e+01
-6.11343e+01
1.01334e+01
7.27157e+01
1.97328e+00
-2.35554e+01
7.70148e+01
6.05460e+01
-3.63579e+01
5.90578e+01
9.12301e+01
5.76770e+01
1.10768e+02
8.62807e+01
9.13365e+01
2.46087e+01
-7.18782e+01
1.10519e+02
1.10911e+02
1.34274e+02
4.78138e+01
7.97617e+01
6.87166e+01
1.04919e+02
5.21013e+01
9.07869e+01
-3.69120e+01
-2.05480e+01
-9.16557e+01
6.55838e+01
7.31638e+01
-4.66444e+01
3.49022e+01
9.38516e+01
5.38019e+01
8.45269e+01
7.13324e+01
-5.07681e+01
2.36028e+01
5.44433e+01
-1.59911e+02
4.59480e+01
6.63050e+01
2.50658e+01
4.49132e+01
1.59056e+01
9.49216e+00
6.18607e+01
-1.35799e+02
4.10240e+01
5.12719e+01
9.34191e+00
2.40151e+01
8.85668e+01
9.92145e+01
5.54874e+01
-1.30725e+01
1.19431e+01
-1.18804e+00
6.16958e+01
7.29188e+01
6.20301e+01
3.18021e+01
4.98697e+01
1.16832e+01
1.18185e+02
8.83522e+01
1.08997e+02
6.70730e+01
9.48423e+01
5.93881e+01
2.66938e+01
5.03764e+01
9.62638e+01
4.57639e+01
-1.56344e+01
6.27455e+01
5.09217e+01
-1.12142e+02
3.66485e+01
5.02312e+01
8.78928e+01
5.77711e+01
4.98614e+01
5.28200e+01
4.99748e+01
8.08865e+01
5.11967e+01
-5.62265e+01
6.28418e+01
8.30055e+01
9.91965e+01
9.12479e+01
3.56382e+01
4.63313e+00
9.29077e+01
5.52423e+01
4.80963e+01
3.67349e+01
1.15676e+02
8.46685e+01
3.04946e+01
5.87442e+01
6.78660e+01
4.21137e+01
1.76459e+01
6.48271e+01
6.99332e+01
7.39317e+01
7.93495e+01
7.15904e+01
6.32837e+01
9.27001e+01
7.10417e+01
6.05513e+01
-1.26205e+02
6.50286e+01
7.07962e+01
6.97970e+00
4.39431e+01
9.56492e+01
1.47906e+01
8.33708e+01
-1.50141e+01
1.67298e+01
7.68429e+01
3.52134e+01
8.18837e+01
7.85774e+01
1.11902e+02
2.79226e+01
6.68726e+01
6.11130e+01
6.44487e+01
9.10554e+01
5.82421e+01
8.47653e+01
6.93481e+01
6.82123e+00
8.65402e+01
4.06752e+01
6.84212e+01
6.39578e+01
9.38385e+01
9.46063e+01
4.65532e+01
6.59402e+01
7.57736e+01
-6.74711e+01
-6.73136e+01
-1.49406e+02
7.50607e+01
6.53126e+01
2.44990e+01
7.32916e+01
8.10384e+01
6.97626e+01
8.86294e+01
7.17174e+01
7.67270e+01
-1.16177e+02
3.55731e+00
7.83506e+01
5.93373e+01
1.01937e+02
7.10330e+01
7.81792e+01
9.75664e+01
3.13915e+01
4.16665e+01
5.88367e+01
9.25321e+01
1.03725e+02
8.17360e+01
7.34506e+01
-5.55031e+01
4.17242e+01
5.56564e+01
8.08105e+01
1.04046e+02
9.55639e+01
8.34911e+01
4.54391e+01
1.12820e+02
5.01356e+01
-7.93308e+01
4.27544e+01
-4.22593e+01
9.09302e+01
4.22304e+01
3.18861e+01
7.94512e+01
5.73326e+01
4.75096e+01
5.02051e+01
-4.73790e+01
-5.30223e+01
3.38203e+01
4.77499e+00
-2.28971e+01
-5.38255e+01
1.17404e+02
3.73353e+01
1.68802e+01
2.48671e+01
6.98204e+01
8.21521e+01
7.85226e+01
3.94227e+01
5.07506e+01
6.23964e+01
9.96922e+01
1.91754e+01
5.79631e+01
9.56641e+01
6.72138e+01
7.85759e+01
3.54361e+01
9.18762e+01
9.51420e+01
4.88433e+01
3.63710e+01
6.15339e+01
9.70291e+01
5.35987e+01
2.68792e+01
6.37915e+01
5.76241e+01
9.26460e+01
8.62685e+01
7.71952e+01
1.05365e+02
-1.45439e+02
4.51619e+01
3.67604e+01
-1.73142e+01
7.07820e+01
-5.27926e+00
8.59322e+01
9.71385e+01
-7.92332e+01
5.59374e+01
7.85706e+01
6.72103e+01
6.86030e+01
-6.64621e+01
6.33408e+01
4.62960e+01
-1.18913e+02
9.09595e+01
5.22696e+01
6.71930e+01
7.63718e+01
-1.93549e+01
1.17243e+02
1.09770e+02
2.76691e+01
4.20236e+01
4.51619e+01
5.76065e+01
9.05855e+01
4.62295e+01
7.43520e+01
6.97719e+01
6.71728e+01
5.92186e+01
5.77718e+01
2.05115e+01
3.18081e+01
7.96911e+01
1.04774e+02
4.07131e+01
8.46189e+01
4.18801e+00
8.37127e+01
1.08424e+02
6.30512e+01
4.47319e+01
6.17751e+01
5.38566e+01
7.54856e+01
3.73244e+01
9.44987e+01
6.83432e+01
5.79480e+01
5.67554e+01
1.89061e+01
7.94575e+01
1.09851e+00
1.17662e+02
8.09843e+01
2.94047e+01
8.42751e+01
7.47009e+01
4.88941e+01
8.73797e+01
-9.36148e+00
5.33413e+01
-6.67322e+01
8.76684e+01
2.73326e+00
5.18865e+01
2.61909e+01
7.55194e+01
2.06139e+01
5.35351e+01
6.49860e+01
2.18502e+01
1.02701e+02
-2.24144e+01
9.90538e+01
5.68709e+01
-1.27112e+01
5.23228e+01
3.22687e+01
7.49676e+01
6.29852e+01
8.78787e+01
6.98624e+01
4.44301e+01
5.08387e+01
-2.36881e+01
7.11512e+01
8.16827e+01
7.46630e+01
5.67397e+01
1.07982e+02
6.99438e+01
7.28301e+01
5.45436e+01
-1.05587e+02
4.48565e+01
1.27379e+01
4.09189e+01
2.91792e+01
1.05535e+02
7.27718e+01
1.08907e+02
8.59048e+01
-3.57716e+00
9.43249e+01
6.60430e+01
5.42440e+01
9.29799e+01
5.37148e+01
2.62571e+01
6.90903e+01
5.70542e+01
4.09916e+01
8.86021e+01
-6.43531e+01
4.05224e+01
4.50024e+01
8.27941e+01
6.35733e+01
6.91290e+01
8.42931e+01
5.92058e+01
-7.07262e+01
6.37509e+01
-4.68100e+01
3.94352e+01
3.02049e+01
1.59057e+00
9.70009e+01
6.35633e+01
6.87413e+01
-2.17592e+01
-3.66625e+01
-6.47541e+01
6.77659e+01
8.15207e+01
-4.65702e+01
7.19615e+01
6.51673e+01
-2.37598e+01
2.92343e+00
6.10788e+01
7.19081e+01
-1.13510e+02
7.71571e+01
4.29172e+01
4.19424e+01
8.77972e+01
5.14166e+00
6.00080e+01
1.79017e+01
7.56541e+01
4.14614e+01
4.95052e+01
4.81245e+01
7.68960e+01
4.93642e+01
-9.48995e+01
8.79114e+01
7.37933e+01
8.86783e+01
4.78054e+00
7.00804e+01
6.27149e+01
1.00453e+02
8.60359e+01
8.78147e+01
8.00162e+01
4.60191e+01
1.00738e+02
4.69763e+01
-8.90047e+01
4.23726e+01
2.58121e+01
7.46867e+01
5.47904e+01
8.69240e+01
5.21018e+01
4.77796e+01
-2.60673e+01
9.76936e+01
-4.54213e+01
1.00418e+02
8.89202e+01
5.47243e+01
6.29455e+01
5.78539e+01
5.09410e+01
6.58061e+01
3.53600e+01
4.48557e+01
1.38841e+02
4.58515e+01
1.26999e+01
7.07545e+01
2.80048e+01
-1.86862e-01
5.59314e+01
3.16426e+00
9.84939e+01
8.25527e+01
8.12755e+01
4.05096e+01
1.14677e+02
4.18844e+01
8.65264e+01
1.13053e+02
7.92916e+01
9.73054e+01
6.38989e+01
5.29109e+01
3.50645e+01
5.85509e+01
6.29621e+01
1.09748e+02
1.22020e+01
5.18580e+01
-2.02568e+01
6.58718e+01
8.69820e+01
1.79520e+01
6.77873e+01
6.69775e+01
7.49606e+01
8.61480e+01
-2.93582e+01
-7.78441e+01
7.85661e+01
8.65835e+01
9.53987e+01
5.36350e+01
2.98120e+01
8.24133e+01
7.48892e+01
3.62640e+01
7.12128e+01
5.14533e+01
-5.75842e+01
3.35701e+01
1.18009e+02
-1.48306e+02
7.20859e+00
5.57992e+01
-3.65837e+01
8.26372e+01
3.29059e+01
3.44845e+01
6.32012e+01
4.36522e+01
1.18674e+02
1.13407e+02
1.40449e+02
-6.67766e+01
-9.91582e+01
6.29225e+01
8.95575e+01
1.03357e+02
8.46151e+01
6.26340e+01
3.62903e+01
-1.72624e+02
-4.71753e+00
-1.10571e+01
3.69727e+01
6.62703e+01
5.84739e+01
5.63044e+01
3.90925e+01
6.81857e+01
1.23513e+01
4.28634e+01
-1.71148e+02
7.42296e+01
-1.10294e+02
1.31615e+02
2.53561e+00
6.37095e+01
5.69013e+01
7.81001e+01
8.20011e+01
5.50475e+01
2.90817e+01
2.54041e+01
9.35159e+01
6.04138e+01
-2.19885e+01
5.90881e+01
6.90357e+01
4.88250e+01
3.85997e+00
2.14222e+01
6.12841e+01
9.32022e+01
3.29671e+01
8.43305e+01
3.69829e+01
2.98538e+00
8.04135e+01
8.61984e+01
2.98082e+01
6.33653e+01
6.36684e+01
6.98635e+01
1.01681e+02
1.19611e+02
1.12076e+02
5.61850e+01
-1.79299e+02
-8.97137e+01
2.68799e+01
4.26060e+01
8.45459e+01
2.41699e+00
6.78604e+01
7.27673e+01
-1.66238e+01
8.16466e+01
-9.64766e+00
5.41705e+01
-1.60647e+02
2.32881e+00
5.52923e+01
9.46204e+01
-1.23959e+01
1.01988e+02
9.18378e+01
3.93174e+01
1.96649e+01
3.64474e+01
2.36430e+01
7.69466e+01
4.98087e+01
1.55836e+01
8.68638e+01
5.33345e+01
7.48868e+01
-6.78172e+01
1.09395e+02
2.34472e+01
9.97674e+01
7.55046e+01
6.10757e+01
3.91296e+01
7.25548e+01
6.16304e+01
-4.26756e+01
8.00261e+01
8.22872e+01
5.45452e+01
5.13212e+01
1.35065e+01
4.93773e+01
5.98471e+01
4.54034e+01
6.74831e+01
7.77565e+01
6.73942e+01
-2.68146e+00
9.56146e+01
6.97533e+01
8.87429e+01
3.33570e+01
6.07919e+01
1.15080e+02
4.93257e+01
9.56513e+01
8.52829e+01
7.76850e+01
2.67298e+01
6.29688e+01
1.07294e+02
4.85429e+01
6.27927e+01
9.46846e+01
4.50635e+01
8.55095e+01
-6.41399e+01
6.35483e+01
2.56016e+01
-6.67100e+00
5.05660e+01
1.01048e+02
-1.24132e+01
9.57494e+01
4.96954e+01
8.64482e+01
4.55091e+01
7.04860e+01
-5.09644e+01
9.76380e+01
-5.59194e+01
8.77726e+01
7.78442e+01
4.35824e+00
-2.68061e+01
7.83059e+01
4.69871e+01
5.49203e+01
4.87041e+01
6.56827e+01
4.48206e+01
5.50260e+01
8.53121e+01
8.29996e+01
1.08117e+02
1.14545e+01
6.18398e+01
-5.03150e+01
4.58828e+01
1.82632e+01
9.41316e+01
8.48853e+01
5.27210e+01
-7.05097e+00
6.07608e+01
9.08762e+01
5.38520e+01
9.58808e+01
9.12494e+01
3.54112e+01
5.98191e+01
4.98157e+01
-3.81108e+01
1.00749e+02
6.09072e+01
1.07487e+02
5.02367e+01
-1.63265e+01
8.33018e+01
5.32566e+01
3.41287e+01
4.09765e+01
5.81836e+01
7.46066e+01
8.12613e+01
1.21016e+02
1.23427e+02
1.05862e+01
6.70950e+01
8.65765e+01
8.35240e+01
1.04558e+02
6.97790e+01
3.08360e+01
5.06171e+01
6.07825e+01
5.36189e+01
2.76051e+01
6.40252e+01
5.86473e+01
-2.86091e+01
7.86550e+01
-6.14066e+01
3.26055e+01
4.68721e+01
-1.93494e+02
9.68461e+01
7.14116e+01
6.22186e+01
-1.71277e+01
6.97307e+01
7.07468e+01
8.09544e+01
1.05253e+02
6.30794e+01
2.14931e+01
7.97250e+01
-1.02483e+01
4.48848e+01
5.58025e+01
5.63603e+01
-4.82815e+00
9.40952e+01
8.15795e+01
6.79088e+01
4.48659e+01
7.17624e+01
1.06167e+02
-2.57014e+01
3.34994e+01
3.93347e+01
5.37121e+01
3.04767e+01
5.36582e+01
5.73795e+01
9.73931e+01
6.67093e+01
6.24234e+01
-1.55271e+01
6.32379e+01
7.58801e+01
2.32720e+01
7.01700e+01
8.81539e+01
1.16819e+02
8.06279e+01
8.28308e+01
9.58774e+01
5.44745e+01
7.12322e+01
8.97124e+01
9.56062e+01
5.99840e+01
1.77501e+01
5.23372e+01
3.83182e+01
3.19650e+01
2.35500e+01
3.04346e+01
4.48405e+01
-2.16354e+00
5.56399e+01
-5.08313e+01
7.44933e+01
5.86773e+01
9.66140e+01
5.89876e+01
9.75477e+01
7.02977e+01
4.54297e+01
8.36075e+01
4.89388e+01
2.60338e+00
9.88781e+01
6.88314e+01
1.17748e+01
8.45240e+01
3.01226e+01
3.16353e+01
-9.28568e+01
-1.15050e+00
9.65768e+01
1.01464e+02
1.13694e+02
-8.46612e+01
8.26534e+01
-2.19542e+01
9.35892e+01
5.67961e+01
5.61696e+01
7.74448e+01
-3.72990e+00
1.06315e+02
5.72835e+01
1.01737e+02
2.51829e+01
2.96934e+01
1.01765e+02
5.55312e+01
8.48537e+01
2.57916e+01
4.50697e+01
1.18612e+01
1.87107e+01
5.58573e+01
5.80924e+01
8.36587e+01
1.23830e+02
7.38681e+01
1.84202e+01
9.11720e+01
2.21222e+01
6.17581e+01
3.99175e+01
6.81711e+01
7.51529e+01
3.97435e+01
4.11573e+01
6.33456e+01
9.93806e+01
5.85146e+01
7.24795e+01
3.64481e+01
5.74925e+01
7.39896e+01
-9.30090e+00
-1.00379e+02
1.02782e+02
8.43814e+01
8.50836e+01
6.83185e+01
8.35736e+01
3.64711e+01
-1.96861e+01
5.58241e+01
1.05850e+01
6.94126e+01
6.14909e+01
5.08771e+01
1.25761e+02
2.69939e+01
9.60613e+01
-2.27079e+01
7.09312e+01
7.95558e+01
9.23945e+01
6.56030e+01
5.74276e+01
1.14236e+02
5.12632e+01
7.92379e+01
2.21837e+01
6.23891e+01
1.10870e+02
-1.42104e+01
1.23700e+02
2.39791e+01
7.77170e+01
2.29157e+01
7.86012e+01
1.19993e+02
6.94629e+01
1.20070e+02
6.40342e+01
8.18395e+01
8.54959e+01
2.78251e+01
8.67498e+01
4.26626e+01
6.58501e+01
1.11196e+02
6.48651e+01
2.18531e+01
7.05021e+01
8.96789e+01
1.04510e+02
7.38017e+01
8.65135e+01
5.38655e+01
2.16432e+01
8.09284e+01
4.93995e+01
3.51405e+01
9.28735e+01
-1.57745e+01
9.85482e+01
1.18525e+01
9.44437e+01
5.52091e+01
4.36564e+00
8.97832e+01
9.73375e+01
3.42854e+01
-4.25446e+01
8.64744e+01
3.53520e+01
8.09279e+01
8.35415e+01
7.97915e+01
9.27415e+01
7.30723e+01
7.20315e+01
4.51529e+01
7.23482e+01
5.78024e+01
6.60294e+01
5.45930e+01
5.53581e+01
-9.03670e+01
-8.73040e+01
1.08393e+02
6.49568e+01
5.59543e+01
6.41920e+01
1.92872e+01
2.76675e+01
8.32405e+01
2.62471e+01
6.83617e+01
9.88376e+01
5.00148e+01
4.22054e+01
6.24824e+01
8.98137e+01
2.29029e+01
9.57680e+01
5.01594e+01
-6.44648e+01
9.58097e+01
9.34677e+01
-6.13961e+01
8.79851e+01
4.35859e+01
5.29027e+01
9.48001e+01
-6.34286e+01
9.13664e+01
1.02856e+02
4.94859e+01
7.19854e+01
4.33196e+01
-5.22561e+01
7.05408e+01
-2.80610e+01
4.85594e-02
-2.62800e+01
1.05992e+02
3.62003e+01
9.06070e+01
5.65452e+00
7.30644e+01
3.96121e+01
3.50228e+01
1.10750e+02
4.47398e+01
-1.01491e+02
4.84219e+01
6.45966e+01
3.22936e+01
-4.06891e+01
9.80412e+01
7.03622e+01
4.79927e+01
8.21966e+01
7.43436e+01
3.57037e+01
9.00709e+01
3.99558e+01
7.36510e+01
3.38164e+01
2.34039e+01
1.67535e+01
-9.72803e+01
4.42245e+01
6.67136e+01
7.37670e+01
2.97966e+01
7.46551e+01
1.12767e+02
2.92684e+01
7.70356e+01
6.27965e+01
7.28321e+01
3.76203e+01
3.09095e+01
9.30936e+01
1.03343e+02
4.21040e+01
1.06285e+02
5.27580e+01
-1.60717e+01
7.82684e+01
-3.59522e+00
7.57568e+01
3.61139e+01
6.15494e+01
-1.03793e+02
-1.79009e+00
-1.61838e+01
3.77489e+01
6.57010e+01
5.67083e+01
8.21043e+01
2.07125e+01
4.30390e+01
8.59689e+01
7.65877e+01
1.13135e+02
4.56549e+01
7.58763e+01
6.30827e+01
5.45308e+01
9.36933e+01
-5.92691e+01
8.40388e+01
7.26045e+01
6.03810e+01
4.88722e+01
3.15926e+01
1.37737e+02
-7.47996e+01
7.58413e+01
5.66405e+01
1.15995e+02
-1.32776e+02
6.71676e+01
9.69434e+00
8.38482e+01
6.95439e+01
-4.32570e+01
5.33925e+01
5.87472e+01
7.97606e+01
-5.40619e+01
-4.10613e+01
7.02930e+01
1.08137e+02
3.65420e+01
9.45872e+01
6.00685e+01
8.14628e+01
2.28503e+01
4.08201e+01
-1.70365e+01
6.42746e+01
-2.45566e+01
7.70753e+01
4.45304e+01
7.11620e+01
8.20742e+01
4.34142e+01
5.83043e+01
4.26757e+01
9.52418e+01
7.51937e+01
8.27937e+01
4.06708e+01
4.47235e+01
2.67056e+01
-3.19702e+01
-4.01202e-01
-1.87343e+01
-1.35050e+02
9.97348e+01
8.21902e+01
6.22912e+01
1.16446e+02
9.42970e+01
-5.93602e+01
8.74013e+01
3.86227e+00
4.05731e+01
8.07821e+01
5.82471e+01
6.45060e+01
7.67791e+01
-2.56858e+01
3.32183e+01
-1.32705e+02
1.04538e+02
4.17019e+01
8.55003e+01
-6.03600e+01
1.03475e+02
1.17931e+01
7.24501e+01
9.07701e+01
6.14291e+01
-2.58911e+01
1.05521e+02
-5.27018e+01
7.57128e+01
4.88437e+01
6.16853e+01
9.77392e+01
-5.06420e+01
6.44703e+01
5.12301e+01
4.06265e+01
1.04013e+02
5.57342e+01
7.56822e+01
7.13239e+01
4.76932e+01
-8.41539e+00
4.35417e+01
7.95593e+01
-4.04162e+01
6.82741e+01
7.08115e+01
6.08775e+01
6.82386e+01
8.41751e+01
6.97536e+01
-5.91748e+01
2.18696e+01
7.09520e+01
8.03880e+01
8.75664e+01
6.43324e+01
7.03365e+01
1.11398e+02
6.76939e+01
1.65885e+01
7.16570e+01
8.99932e+01
7.84496e+00
2.70340e+01
5.82143e+01
8.83068e+01
5.92524e+01
3.77209e+01
9.09244e+01
6.85631e+01
7.18438e+01
-3.89463e+00
4.43268e+01
6.65008e+01
2.70924e+01
1.12540e+02
-2.45006e+01
8.16467e+01
5.49247e+01
3.93700e+01
1.29900e+02
-2.80160e+01
8.86056e+01
8.21226e+01
8.88804e+01
6.66068e+01
9.20013e+01
7.37424e+01
8.67168e+01
6.69762e+01
6.30984e+01
6.28444e+01
5.89240e+01
-1.35443e+02
1.30777e+02
6.73843e+01
6.96945e+01
6.64418e+01
6.40908e+01
-8.44259e-01
4.87440e+01
8.25499e+01
5.33153e+01
8.09518e+01
7.30737e+01
3.24168e+01
9.58515e+01
-2.77145e+00
-4.13938e+00
-3.08815e+00
1.02187e+02
5.64528e+00
-1.57953e+02
5.47122e+01
-1.39972e+02
8.57771e+01
7.76724e+01
1.10742e+02
-4.25341e+00
4.49935e+01
-1.16379e+01
4.58691e+01
6.71559e+01
5.87846e+01
7.47944e+01
5.89860e+01
7.04606e+01
4.90792e+01
2.68566e+01
5.62727e+01
1.31727e+01
5.32765e+01
6.11924e+00
1.13804e+02
6.55005e+01
-1.29035e+02
8.51601e+00
-8.37867e+00
4.78490e+01
5.75877e+01
2.64165e+01
3.17013e+01
7.64610e+00
6.69196e+00
6.06821e+01
4.59222e+01
6.83819e+01
6.59499e+01
4.10531e+01
3.54050e+01
6.97085e+01
1.27062e+02
1.88838e+01
7.09907e+01
7.95333e+01
8.08065e+01
5.45395e+01
-1.71876e+01
8.39207e+01
8.82877e+01
-1.32209e+02
7.74710e+01
5.60246e+01
4.82135e+01
2.38630e+01
5.19194e+01
1.05921e+02
4.50205e+01
8.65033e+01
5.82552e+01
-1.37650e+02
1.13383e+01
4.19613e+01
8.32418e+01
1.20448e+02
8.21513e+01
3.18683e+01
7.20739e+01
7.18299e+01
8.40680e+00
5.53512e+01
5.13387e+01
6.90065e+01
2.71518e+01
9.67559e+01
8.11191e+01
-4.34062e+01
9.15999e+01
1.04575e+02
-5.54596e+01
7.39339e+01
3.65585e+01
5.11381e+01
6.44553e+01
9.29569e+01
4.86827e+01
1.03961e+02
6.00138e+01
7.57565e+01
1.04490e+02
6.64176e+01
5.58117e+01
3.58473e+01
9.65924e+01
6.85631e+01
2.83384e+01
4.40046e-01
3.51185e+01
1.33929e+02
3.16792e+01
7.49391e+01
5.62446e+01
5.78812e+01
-2.35768e+01
5.21737e+01
2.47234e+01
5.22266e+01
-1.02236e+02
8.88720e+01
4.02986e+01
9.21523e+01
3.26464e+01
1.27936e+02
7.26799e+01
9.66961e+01
7.85715e+01
3.80338e+01
7.74279e+01
7.34824e+01
6.92937e+01
7.01986e+01
7.59904e+01
9.00621e+01
7.54986e+01
8.68594e+01
1.87119e+01
7.55045e+01
8.84074e+01
8.92426e+01
6.03406e+01
6.40869e+01
-1.00974e+02
9.60769e+01
7.07482e+01
8.45290e+01
9.05169e+01
4.12677e+00
9.09526e+01
2.03834e+01
6.53650e+01
1.28594e+02
9.21690e+01
8.76166e+01
2.23350e+01
1.09638e+02
7.45858e+01
1.84210e+01
5.14302e+01
9.06159e+01
4.77283e+01
2.64970e+01
7.53293e+01
7.92941e+01
9.48899e+01
3.89150e+01
2.83350e+01
7.58938e+01
7.98571e+01
1.08998e+02
6.93053e+00
8.48217e+01
6.04244e+01
7.74780e+01
6.35678e+01
-4.89876e+01
9.07688e+01
6.90148e+01
5.39103e+01
1.57024e+01
3.74475e+01
5.22224e+01
9.44356e+01
4.35697e+01
8.37723e+01
-1.73475e+02
6.66562e+01
3.58592e+01
4.48399e+01
3.76676e+01
6.47545e+01
1.80457e+01
1.00582e+02
7.62801e+01
8.81157e+01
8.10236e+01
-1.05080e+01
7.84494e+01
6.04272e+01
7.59307e+01
6.13606e+01
6.84728e+01
1.00958e+02
5.39345e+01
8.09023e+01
6.18748e+01
-1.29610e+02
6.54427e+01
4.60571e+01
5.81359e+01
5.49854e+01
6.16139e+01
2.91013e+01
5.70061e+01
7.07816e+01
6.28477e+01
3.59149e+01
1.03269e+02
6.76671e+01
3.75928e+00
3.37323e+01
7.93012e+01
1.05629e+02
9.67870e+01
7.26263e+01
6.55065e+01
2.75538e+01
7.57653e+01
4.41047e+01
4.84930e+01
-6.61899e+00
7.64882e+01
4.43336e+01
7.35970e+01
4.93436e+01
6.06812e+01
1.94589e+01
1.38057e+01
5.96788e+01
1.00683e+02
1.34900e+02
4.75438e+01
-3.20423e+00
9.39423e+01
4.85208e+01
-3.40662e+01
9.10858e+01
7.08402e+01
3.49423e+01
4.78030e+01
4.44213e+01
4.99824e+01
8.00772e+01
9.06102e+01
-7.09784e+01
4.09746e+01
5.39197e+01
8.16359e+01
4.11515e+01
-9.00820e+00
6.61591e+01
1.11226e+02
5.46235e+01
7.29418e+01
5.49400e+01
4.73275e+01
-1.11652e+01
-9.98249e+01
3.24161e+01
9.31061e+01
1.74521e+01
6.27354e+01
-3.40387e+00
8.37653e+01
-1.67750e+02
7.81384e+01
-5.56363e+01
5.45569e+01
3.92505e+01
6.42939e+01
8.19960e+01
6.18502e+01
3.93293e+01
6.63319e+01
6.89716e+01
1.02630e+02
3.98669e+01
4.74074e+01
5.20941e+01
2.57807e+01
6.01142e+01
5.84035e+01
6.02562e+01
6.95432e+01
3.72449e+01
-2.18269e+00
4.21199e+01
7.46962e+01
8.56810e+01
6.78357e+01
6.61028e+01
3.63844e+01
2.45272e+01
1.04532e+02
7.37577e+00
6.84338e+01
7.76238e+01
1.09698e+02
6.99316e+01
1.19431e+02
5.59893e+01
2.65774e+01
5.38917e+01
8.82149e+01
9.84064e+01
7.05903e+01
5.16969e+01
1.22682e+01
1.60060e+01
6.22669e+01
7.54575e+01
9.78956e+01
6.19047e+01
7.04764e+01
1.65876e+01
2.19091e+01
6.61728e+01
2.38989e+01
1.12551e+02
1.10657e+02
5.74781e+01
9.69629e+01
5.65353e+01
8.18835e+01
7.18779e+01
6.66183e+01
5.29019e+01
-5.30895e+01
7.72061e+01
5.97438e+01
8.04877e+01
6.05048e+01
4.78117e+01
7.95990e+01
-7.52270e+01
9.30204e+01
1.09040e+02
7.31553e+01
8.11880e+01
4.56984e+01
5.92951e+01
7.50569e+01
4.09546e+01
7.94330e+01
1.75483e+01
4.28764e+01
2.28585e+01
7.50930e+01
8.16900e+01
-1.00780e+02
-3.02100e+01
1.77140e+01
7.40847e+01
8.64487e+01
6.46347e+01
3.67793e+01
4.46804e+01
9.18305e+01
8.44895e+01
8.68212e+01
8.76294e+01
9.18331e+01
8.42895e+01
3.67628e+01
4.29017e+01
1.20838e+02
7.32329e+01
8.82050e+01
-5.58565e+01
2.81850e+01
8.41408e+01
4.35809e+01
5.91297e+01
4.34406e+01
6.43474e+01
1.18142e+02
5.52344e+01
3.16374e+01
-9.21889e+01
9.45976e+01
2.00496e-02
9.07256e+01
9.73515e+01
3.67682e+01
6.47769e+01
8.74468e+01
5.62591e+01
5.64564e+01
-1.17654e+02
2.39889e+01
1.07096e+02
8.88719e+01
7.41019e+01
-2.57288e+01
7.11928e+01
3.70476e+01
5.83631e+01
7.96799e+01
5.22389e+01
8.39051e+01
9.70853e+01
8.99491e+01
8.73019e+01
5.69100e+00
1.05138e+02
6.51688e+01
8.37660e+01
7.67002e+01
7.80942e+01
4.46626e+01
6.97492e+01
4.63248e+01
1.09587e+02
9.97211e+01
-8.11770e+01
6.98550e+01
-2.77846e+01
1.28798e+02
1.98859e+01
5.54820e+01
2.12561e+00
6.85656e+01
1.69386e+01
4.60815e+01
6.16168e+01
3.64128e+01
4.14176e+01
9.09906e+01
-4.55273e-01
1.03791e+02
8.07795e+01
4.75363e+01
5.66648e+01
3.26405e+01
1.78265e+01
6.84210e+01
3.72263e+01
9.79527e+01
6.77652e+01
8.01750e+01
6.94693e+01
8.15720e+01
6.69957e+01
7.52469e+01
7.54245e+01
8.72300e+01
1.63809e+01
6.61862e+01
8.43990e+01
3.78704e+01
-7.01851e+01
4.12698e+01
4.44448e+01
1.05822e+02
4.39638e+01
6.60169e+01
3.97421e+01
7.22669e+01
1.53933e+01
9.87072e+01
7.52991e+01
4.67927e+01
-1.36323e+02
6.96348e+01
-2.18241e+01
8.36655e+01
7.12498e+01
4.37429e+01
4.86810e+01
7.63744e+01
6.67813e+01
7.26151e+01
5.11644e+01
6.99093e+00
-5.69218e+01
8.30052e+01
5.08728e+01
1.28462e+01
5.00042e+01
-5.40275e+01
9.67196e+01
5.75730e+01
9.57426e+01
8.92138e+01
4.09475e+01
-4.38220e+01
5.54271e+01
1.18443e+01
8.65062e+01
6.20320e+00
7.17487e+01
4.37498e+01
7.15284e+01
6.48387e+01
6.48663e+01
5.47252e+01
1.88322e+00
1.41325e+01
7.48032e+01
7.18586e+01
3.04140e+01
1.01763e+02
3.70667e+01
6.98113e+01
1.05326e+02
-1.63394e+02
5.57298e+01
5.50825e+01
5.78043e+01
5.86588e+01
5.54170e+01
1.06826e+02
9.23804e+01
9.36985e+01
4.57156e+01
3.06273e+01
7.06231e+00
6.48958e+01
6.58627e+01
2.38910e+01
1.47196e+01
5.17110e+01
2.75130e+01
2.72039e+01
-4.55067e+00
5.66771e+01
-8.03956e+01
8.65474e+01
2.42886e+01
9.50369e+01
5.94320e+01
1.57028e+02
5.86800e+01
3.85853e+01
6.85540e+01
3.38167e+01
7.36032e+01
5.84757e+01
5.18065e+01
4.30035e+01
1.13813e+02
1.21634e+02
-1.18036e+01
1.16492e+02
-2.44116e+00
-9.80314e+01
-1.59154e+02
1.18529e+01
5.57740e+01
8.80828e+01
4.18746e+01
6.41580e+01
2.41771e+01
7.36041e+01
6.64305e+01
8.18201e+01
6.16790e+01
-5.83336e+00
3.90334e+00
1.86129e+01
6.29825e+01
-7.68385e+00
-2.83726e+01
8.00769e+01
8.06195e+01
7.80123e+01
6.89502e+01
7.82631e+01
8.96687e+01
7.50262e+01
6.09494e+01
5.60088e+01
7.51822e+01
8.45259e+01
7.36639e+01
6.01887e+01
9.41040e+01
-3.75998e+01
1.26480e+01
5.79782e+01
8.78878e+01
3.40115e+01
9.04958e+01
6.42648e+01
6.36807e+01
3.91326e+01
4.65635e+01
3.45317e+01
-1.72672e+01
8.91244e+01
-9.93852e+01
1.44293e+01
6.21749e+01
1.00884e+02
7.32854e+01
3.38370e+01
7.45235e+01
4.08269e+01
6.63120e+01
8.27434e+01
9.23087e+01
1.08191e+02
8.69778e+01
6.20542e+01
2.78993e+01
8.79704e+01
2.93362e+01
3.96727e+01
6.76915e-02
-2.30277e+01
1.05709e+02
6.11276e+01
8.45709e+01
9.33765e+01
5.69051e+00
1.18713e+02
-2.54595e+01
5.42184e+01
6.88684e+01
1.08036e+02
1.06689e+02
7.06823e+01
-4.10086e+01
9.78297e+01
8.42653e+01
-2.79338e+01
5.57727e+01
1.04431e+02
6.76127e+01
-8.47153e+01
4.49351e+01
5.68432e+01
7.57881e+01
3.82440e+01
7.57358e+01
4.84313e+01
5.09353e+01
4.24510e+01
4.28573e+01
-2.95806e+01
-1.34723e+02
1.05769e+02
7.46562e+01
-9.83587e+01
5.96501e+01
7.03887e+01
8.50402e+01
1.95135e+01
7.18199e+01
6.93928e+01
-2.62115e+01
4.01001e+01
8.78415e+01
6.75179e+01
2.94798e+01
1.15885e+02
-2.43016e+01
9.98000e+01
8.96748e+01
7.28818e+01
3.25094e+01
-2.46080e+01
4.91716e+01
4.26288e+01
-3.82993e+01
7.18399e+01
6.67251e+01
1.22004e+02
1.84801e+01
6.96417e+01
2.40499e+01
-2.89062e+00
1.07585e+02
-6.23624e+01
8.96400e+01
5.93857e+01
3.85639e+01
8.16359e+01
7.53977e+01
2.72865e+01
5.27746e+01
5.25177e+01
5.51519e+01
6.92738e+01
8.30475e+01
1.48165e+01
3.51488e+01
-1.30700e+01
9.79654e+01
-2.19584e+01
7.90449e+01
7.25448e+01
5.46565e+01
6.48729e+01
9.20308e+01
6.22942e+01
8.65032e+01
8.17210e+01
3.10717e+01
